1	2.13027001247	2.14641724273	1.8816308815
2	1.14033658337	1.17134647613	0.880413965335
3	0.958382813366	0.991142853392	0.741693982808
4	0.888527819123	0.921419983953	0.692481013902
5	0.853955401434	0.886085146454	0.668056230251
6	0.834089689313	0.865871989349	0.653991704948
7	0.820760575192	0.851906367461	0.644205006544
8	0.811311239312	0.84213235133	0.637746946517
9	0.8038745018	0.834614170319	0.632403249803
10	0.797782929323	0.828813121843	0.628053985262
11	0.792133735506	0.823304532229	0.624461952286
12	0.787485380776	0.818679666353	0.620685328402
13	0.782902356857	0.814902769431	0.61762494664
14	0.778651838226	0.811123244015	0.614658572261
15	0.775293090118	0.807836841061	0.611946768253
16	0.77227828648	0.805449885166	0.61044611081
17	0.769515246157	0.803245428929	0.608193551845
18	0.766809550719	0.80149333907	0.60714304048
19	0.764258925681	0.799517682147	0.605897975546
20	0.76206602376	0.797609457583	0.604659087311
MF =True	CTR =False	RAPMF = True	RAPARE = False hasLDA = False feature = 10
alpha:0.005	lambdau:0.05	lambdav:0.05	lambdauv:0.001
1	1.65417378769	1.68010029636	1.35585727363
2	1.02475531782	1.05483022734	0.787284716047
3	0.900438893847	0.932327293312	0.69847938716
4	0.85185858129	0.884295704244	0.666124067796
5	0.826336198853	0.859487050192	0.64885850622
6	0.810061267513	0.843977100698	0.637523849023
7	0.796661498198	0.831529148823	0.629419528565
8	0.786772123986	0.822571801571	0.622778648602
9	0.777127328777	0.814395025902	0.615446110134
10	0.76969964407	0.808109747314	0.610878222168
11	0.762857702254	0.803529533963	0.607409041906
12	0.757344100326	0.799503195537	0.6045926893
13	0.752134194278	0.796054915943	0.601424090047
14	0.747782947162	0.792741422607	0.599267057228
15	0.743476407858	0.790331747011	0.597163820144
16	0.740313144023	0.78857905165	0.595353199668
17	0.736534398549	0.785924776714	0.59407980906
18	0.733828849533	0.785034985894	0.593626903936
19	0.730691880538	0.78325355014	0.591782357298
20	0.728100675295	0.781754970758	0.590693870795
MF =True	CTR =False	RAPMF = True	RAPARE = False hasLDA = False feature = 10
alpha:0.005	lambdau:0.05	lambdav:0.05	lambdauv:0.01
1	0.95099532324	0.982794992784	0.742699197334
2	0.84930758984	0.889001698811	0.678221041709
3	0.814130986161	0.859950966854	0.654892838416
4	0.793830179988	0.847129388287	0.645176196715
5	0.77977447755	0.8394899242	0.641230365806
6	0.767664643612	0.832028642064	0.633700990787
7	0.763123220383	0.832343430893	0.633805465957
8	0.761007197944	0.832287297912	0.635623003719
9	0.751194327161	0.826573747986	0.62956398748
10	0.747450761444	0.825152395215	0.627649736196
11	0.744210474088	0.825217253054	0.628048222006
12	0.745133019432	0.826997859987	0.629451339726
13	0.744837595056	0.828711347276	0.630630534379
14	0.745838029906	0.830829344619	0.632838987198
15	0.743537735382	0.829755072357	0.632035201307
16	0.741011157812	0.825081469051	0.627919998435
17	0.735607421805	0.823327208885	0.626166865056
18	0.741852164869	0.830405728076	0.631631355511
19	0.739368961494	0.827175503603	0.629274347884
20	0.738163661843	0.827889648753	0.628201900572
MF =True	CTR =False	RAPMF = True	RAPARE = False hasLDA = False feature = 10
alpha:0.005	lambdau:0.05	lambdav:0.05	lambdauv:0.1
1	2.27283701713	2.27970149764	2.00664126929
2	2.27479827825	2.28000453762	2.00673857726
3	2.2732259129	2.27932584287	2.00606228683
4	2.27704942184	2.27927034317	2.00564872794
5	2.27717142729	2.2839659615	2.01136070607
6	2.27261476109	2.28093048068	2.00778950339
7	2.27743601404	2.27855299462	2.00484107175
8	2.27474752258	2.28053796086	2.00721538634
9	2.27495371042	2.28041421779	2.00723484793
10	2.27620946668	2.28026059635	2.0069575202
11	2.27572912662	2.28195839184	2.00884042952
12	2.27513767765	2.28157884372	2.00849498621
13	2.27654865569	2.28080249251	2.00771652241
14	2.27413043346	2.2778567798	2.00444210905
15	2.27595900498	2.28293042945	2.01021247196
16	2.27792549771	2.28209484314	2.00900585307
17	nan	nan	nan
18	nan	nan	nan
19	nan	nan	nan
20	nan	nan	nan
MF =True	CTR =False	RAPMF = True	RAPARE = False hasLDA = False feature = 10
alpha:0.005	lambdau:0.05	lambdav:0.05	lambdauv:1
1	2.51162312315	2.52035421319	2.33363687231
2	1.1812609371	1.21283543429	0.91637735365
3	0.966697148173	0.999139371282	0.749598430515
4	0.890343180476	0.92236471325	0.69454041874
5	0.853542133862	0.885247696728	0.668671975187
6	0.832635660986	0.863760024805	0.654234553965
7	0.819477261447	0.849495247617	0.645136200232
8	0.810158274051	0.839653791614	0.637898252832
9	0.803188331061	0.832167434027	0.633124346915
10	0.797084557844	0.826064601619	0.628201277266
11	0.792415990625	0.82082051808	0.624426516026
12	0.788262549	0.816997425682	0.621706611852
13	0.785076224492	0.813817443527	0.61906536873
14	0.781876947142	0.810842959648	0.616601595347
15	0.778960481631	0.808173714989	0.614299315873
16	0.776640910265	0.805418076656	0.612517460303
17	0.774485848887	0.803641929698	0.611204383972
18	0.772608350794	0.802246694564	0.610500912961
19	0.771356372134	0.800649170745	0.609453152217
20	0.769466825351	0.799579100177	0.608659898311
MF =True	CTR =False	RAPMF = True	RAPARE = False hasLDA = False feature = 10
alpha:0.005	lambdau:0.05	lambdav:0.1	lambdauv:0.001
1	1.59252955996	1.61794049063	1.29113310543
2	1.01649261903	1.04704213113	0.78038249777
3	0.896805104589	0.928175948829	0.695879145474
4	0.850643543983	0.882122899253	0.6651927373
5	0.826055947029	0.857620440535	0.6476740923
6	0.809695623583	0.841449231508	0.63686689173
7	0.797759870045	0.829364627265	0.628651107264
8	0.788704561812	0.821700121238	0.622148937789
9	0.78193842002	0.815337874107	0.618565990923
10	0.774776026297	0.809692634479	0.61422410138
11	0.769089405656	0.804754009731	0.60999613148
12	0.765157493408	0.801065719367	0.607118203417
13	0.760437716822	0.797875703971	0.604669590591
14	0.756387556243	0.795324352047	0.602707852993
15	0.752192170776	0.792399808614	0.600380446484
16	0.749015342047	0.790319630674	0.598589621485
17	0.745661235474	0.788782194897	0.597930763928
18	0.741919964621	0.786618567018	0.595353652952
19	0.739741531411	0.785619088262	0.594494653467
20	0.736724985643	0.783913294957	0.593252097894
MF =True	CTR =False	RAPMF = True	RAPARE = False hasLDA = False feature = 10
alpha:0.005	lambdau:0.05	lambdav:0.1	lambdauv:0.01
1	0.94737606534	0.97798370197	0.739914616634
2	0.851037809036	0.889682388405	0.678706003739
3	0.809412906402	0.855845828758	0.653363844321
4	0.790811769375	0.844016737352	0.644519193692
5	0.780685331161	0.841164111116	0.642077110953
6	0.769603206117	0.83410432591	0.635677037645
7	0.761416284119	0.83206347634	0.634595580517
8	0.757431387914	0.830440803919	0.633812696499
9	0.753959113698	0.830679661456	0.634790316762
10	0.749823958618	0.828037112522	0.631146365809
11	0.750975450018	0.830032596496	0.631760480986
12	0.744637148903	0.827611063721	0.631948307842
13	0.744829068126	0.827502898556	0.630964304032
14	0.745027722723	0.829468055249	0.631985496133
15	0.742444697866	0.82777100611	0.630560735323
16	0.74102923983	0.826714544363	0.630710863681
17	0.742242502461	0.827645346372	0.631650883316
18	0.739942586831	0.827045785688	0.629486999575
19	0.739133560601	0.827579525639	0.630821023418
20	0.738499069709	0.825842311755	0.629972718144
MF =True	CTR =False	RAPMF = True	RAPARE = False hasLDA = False feature = 10
alpha:0.005	lambdau:0.05	lambdav:0.1	lambdauv:0.1
1	2.27546176474	2.28148501311	2.00839767823
2	2.27513351476	2.27961185837	2.00641259554
3	2.27507007935	2.27851455886	2.00519138046
4	2.27431030288	2.27739536687	2.00383393421
5	2.27669980835	2.27638249401	2.00252027655
6	2.27447052738	2.27902698236	2.00565845874
7	2.27586606558	2.27769444147	2.00412585813
8	2.27612763373	2.27914226177	2.00570711273
9	2.2766380014	2.27707488621	2.00359066427
10	2.2772655017	2.275557332	2.00170288956
11	2.2778373905	2.27924045815	2.00588713248
12	2.27931634826	2.28001307337	2.00676776965
13	2.27899181983	2.27784823597	2.00431074329
14	2.27475922028	2.28275140099	2.01000325982
15	2.27582960217	2.27895012618	2.00555628537
16	nan	nan	nan
17	nan	nan	nan
18	nan	nan	nan
19	nan	nan	nan
20	nan	nan	nan
MF =True	CTR =False	RAPMF = True	RAPARE = False hasLDA = False feature = 10
alpha:0.005	lambdau:0.05	lambdav:0.1	lambdauv:1
1	2.15163514249	2.17012929843	1.90820800059
2	1.15709287561	1.18994121602	0.89436411642
3	0.972871351161	1.00732761987	0.752702243591
4	0.900028668671	0.934792364292	0.70061761847
5	0.863656883226	0.898113392747	0.674699435162
6	0.841559837809	0.875849563755	0.659789882562
7	0.827100042781	0.861654844421	0.649759680234
8	0.816460266349	0.851727106853	0.642631678325
9	0.807435736861	0.842874344709	0.636660283196
10	0.799872616435	0.836522248741	0.631311100731
11	0.793186116792	0.830156315912	0.626788616278
12	0.787315792594	0.825565847221	0.62309096502
13	0.781965162234	0.820803353292	0.619666590628
14	0.777374811645	0.81734422892	0.61664060858
15	0.773281635819	0.814580263459	0.61489234877
16	0.769581797032	0.81152414446	0.612365900131
17	0.765701104977	0.808708396308	0.610198383377
18	0.762740349556	0.806477566106	0.608201025861
19	0.759430117103	0.804141000764	0.606474097815
20	0.756714317718	0.802474024297	0.605103379896
MF =True	CTR =False	RAPMF = True	RAPARE = False hasLDA = False feature = 10
alpha:0.005	lambdau:0.05	lambdav:0.001	lambdauv:0.001
1	1.63956831691	1.66577144711	1.33956018251
2	1.03083581967	1.06295471751	0.792748386368
3	0.904609171345	0.937854085132	0.701164544788
4	0.855295558291	0.890050347506	0.669075406513
5	0.826627008749	0.862542597327	0.649223923974
6	0.809167054696	0.8458090055	0.637527497358
7	0.795687856311	0.834124431274	0.629250692515
8	0.785980497024	0.826163218625	0.623358361726
9	0.777785373708	0.819873010568	0.619187488158
10	0.769873167624	0.812683157005	0.612760044621
11	0.764061125302	0.809148394766	0.610534388747
12	0.758404935663	0.805049642728	0.606985864748
13	0.753763777811	0.802527964144	0.604898949374
14	0.748817212892	0.798693139106	0.602050870209
15	0.744816353568	0.79631245705	0.600163319292
16	0.740869626189	0.79361860144	0.599082777356
17	0.737996528748	0.792540045368	0.597599934814
18	0.734885572229	0.790714964198	0.596218818804
19	0.732439120205	0.788833884435	0.594754310515
20	0.730059878367	0.788582106218	0.594346458319
MF =True	CTR =False	RAPMF = True	RAPARE = False hasLDA = False feature = 10
alpha:0.005	lambdau:0.05	lambdav:0.001	lambdauv:0.01
1	0.953842324524	0.986571383323	0.745983082837
2	0.851296678598	0.891320370113	0.67858104884
3	0.811744256741	0.861475979622	0.656496303599
4	0.79266969872	0.848572269659	0.647484248974
5	0.779460854912	0.842523493539	0.642144248524
6	0.770184537489	0.837600923506	0.636932051573
7	0.765878300924	0.836198097764	0.637338756952
8	0.762511778751	0.836286408871	0.637740334145
9	0.752966957273	0.831441572327	0.633824410337
10	0.754154844306	0.832950867917	0.63368042521
11	0.748982171646	0.831425823197	0.632119529543
12	0.751593308126	0.833705451377	0.63439629563
13	0.743376577191	0.829209635741	0.630406235069
14	0.745284224567	0.832406698886	0.633590501597
15	0.741805979377	0.831378860556	0.632097030958
16	0.743888969613	0.832837433555	0.634813529678
17	0.741283886302	0.831542307045	0.63302377707
18	0.744496375402	0.835710637429	0.635695306533
19	0.735613979525	0.827192806966	0.628587469096
20	0.739191859062	0.832492493184	0.63390720796
MF =True	CTR =False	RAPMF = True	RAPARE = False hasLDA = False feature = 10
alpha:0.005	lambdau:0.05	lambdav:0.001	lambdauv:0.1
1	2.27479510605	2.28267040731	2.00976485528
2	2.27492674846	2.28058916293	2.00739054069
3	2.27458573135	2.28163002243	2.00880150633
4	2.27603192705	2.28238051165	2.00958970092
5	2.27604777937	2.28212469078	2.00893773749
6	2.27567046429	2.28286222979	2.00993027884
7	2.27808071652	2.28086648749	2.00760948364
8	2.27550556747	2.28212042686	2.00907883406
9	2.27473324735	2.2823037684	2.00932696939
10	2.27443027402	2.27956490306	2.00632501837
11	2.27585912965	2.27996185837	2.00662180769
12	2.27641076719	2.28140397447	2.0081446775
13	2.27449055465	2.28655061205	2.01410965636
14	2.27700505461	2.28301567617	2.00995947123
15	2.27537237285	2.28167693524	2.00843173602
16	nan	nan	nan
17	nan	nan	nan
18	nan	nan	nan
19	nan	nan	nan
20	nan	nan	nan
MF =True	CTR =False	RAPMF = True	RAPARE = False hasLDA = False feature = 10
alpha:0.005	lambdau:0.05	lambdav:0.001	lambdauv:1
1	2.49542522039	2.50534855024	2.31473319918
2	1.20089874611	1.22980723753	0.928750352307
3	0.991201278697	1.02177840424	0.764151034833
4	0.913285864325	0.943256672223	0.708843620601
5	0.874583285769	0.904166871686	0.68178169368
6	0.851914742823	0.880933896297	0.666130506257
7	0.837316023702	0.865674243584	0.655913003099
8	0.827472435503	0.855327411681	0.649286412706
9	0.81952729989	0.847622060745	0.643363052507
10	0.813547641595	0.840924640157	0.639129772928
11	0.808296017452	0.835816127309	0.635066656226
12	0.803103134669	0.830874403237	0.631226233854
13	0.799070405971	0.827084208516	0.628498212449
14	0.795247809739	0.822655996586	0.625133862859
15	0.792140895041	0.82008353815	0.623263170548
16	0.789246810991	0.817518322451	0.621594575322
17	0.785558875093	0.813999092576	0.61856294695
18	0.783198902691	0.811613089929	0.617101818776
19	0.781073105693	0.809954852023	0.615799713822
20	0.778831018133	0.807599512489	0.613807038112
MF =True	CTR =False	RAPMF = True	RAPARE = False hasLDA = False feature = 10
alpha:0.005	lambdau:0.1	lambdav:0.05	lambdauv:0.001
1	1.57165672153	1.59561324253	1.26914701444
2	1.02378699229	1.05396284112	0.785354294175
3	0.906685013014	0.937939919932	0.702667123587
4	0.858810820553	0.890127879009	0.67020759972
5	0.833421315416	0.864842837153	0.65298811203
6	0.816960747967	0.847920290996	0.642227220686
7	0.804082213539	0.835277838619	0.631996477635
8	0.794030971131	0.82604153694	0.625805871828
9	0.786744218981	0.819700138157	0.620949708037
10	0.781134672347	0.815258547563	0.617502926289
11	0.7753550645	0.810450090964	0.613651655064
12	0.771212302395	0.806523525427	0.611747838725
13	0.766590564427	0.80303516517	0.607660709886
14	0.762705618955	0.800290183688	0.606436030633
15	0.759070704451	0.797774749144	0.603578771886
16	0.755419493776	0.795073988482	0.602293594531
17	0.752852639957	0.793244666647	0.60062260552
18	0.749382446355	0.791623042198	0.599269161882
19	0.747065048347	0.789999284897	0.598415984039
20	0.743988998641	0.788044805744	0.596732677975
MF =True	CTR =False	RAPMF = True	RAPARE = False hasLDA = False feature = 10
alpha:0.005	lambdau:0.1	lambdav:0.05	lambdauv:0.01
1	0.955326673429	0.986146129571	0.744583493292
2	0.84954288903	0.888694166283	0.677025837032
3	0.815982288413	0.86114979912	0.658704986017
4	0.789089344721	0.841441036846	0.640683635967
5	0.778550106281	0.837981837954	0.640773592496
6	0.767690082885	0.831711608243	0.633585070283
7	0.761642890078	0.82821505518	0.631079276647
8	0.758532877311	0.829062207407	0.630888276143
9	0.752775513177	0.826009237294	0.629911849148
10	0.749118203729	0.823960663018	0.628131579964
11	0.751088408459	0.828482096808	0.631897306961
12	0.745929638301	0.825657765059	0.628828106189
13	0.743993579136	0.825033690806	0.62923958936
14	0.746123113546	0.82917704089	0.631776522364
15	0.74219752719	0.825575739585	0.628092374965
16	0.743834344578	0.827958310553	0.630587949077
17	0.742130180852	0.824427195985	0.628308790907
18	0.741763160849	0.828045939881	0.630923804845
19	0.740569223845	0.826644807603	0.630366254411
20	0.73784546065	0.826711727389	0.629024142483
MF =True	CTR =False	RAPMF = True	RAPARE = False hasLDA = False feature = 10
alpha:0.005	lambdau:0.1	lambdav:0.05	lambdauv:0.1
1	2.27551141437	2.2855630841	2.01324361538
2	2.27562557469	2.28232082268	2.00935616178
3	2.27571119117	2.27943256927	2.00597957506
4	2.27565411387	2.28469438789	2.01198347711
5	2.27488501626	2.279735645	2.00669478867
6	2.27634687206	2.28322877903	2.01027085675
7	2.27533064882	2.27907394875	2.00568278573
8	2.27585229278	2.28136558674	2.00829063946
9	2.27562398917	2.28141250499	2.00836848584
10	2.27628822565	2.28101153614	2.00786734977
11	2.27676844775	2.28100727013	2.00786248437
12	2.27460427051	2.2798850337	2.00649530732
13	2.27545116079	2.28411933373	2.01140449466
14	2.27464233976	2.27766453577	2.00415018513
15	2.2741235914	2.27884337718	2.00549790058
16	nan	nan	nan
17	nan	nan	nan
18	nan	nan	nan
19	nan	nan	nan
20	nan	nan	nan
MF =True	CTR =False	RAPMF = True	RAPARE = False hasLDA = False feature = 10
alpha:0.005	lambdau:0.1	lambdav:0.05	lambdauv:1
1	2.18894128722	2.20466955171	1.95269909029
2	1.15491132894	1.18456519037	0.892156712664
3	0.971692585085	1.00188030558	0.751408823711
4	0.901410826225	0.931253000829	0.702572234256
5	0.866616915962	0.89546687711	0.678026306575
6	0.846671939161	0.874460830965	0.66393431474
7	0.833673726734	0.860565111016	0.654858194679
8	0.825342109365	0.851370784674	0.648769388533
9	0.818341751607	0.843708204539	0.643642736344
10	0.813288815659	0.838276065786	0.639248829026
11	0.809249667081	0.833616092526	0.636544777575
12	0.80577736227	0.829535089757	0.633591824808
13	0.802661367009	0.826446934773	0.631345932799
14	0.799800286013	0.824066130385	0.62964075971
15	0.796621684498	0.820499693998	0.626987124613
16	0.794200813868	0.817838382261	0.624731705299
17	0.791821590641	0.815810155811	0.622782890807
18	0.7895901036	0.813288101493	0.621260818389
19	0.787564976595	0.811488656923	0.619661680891
20	0.786457915203	0.810259594747	0.61973210917
MF =True	CTR =False	RAPMF = True	RAPARE = False hasLDA = False feature = 10
alpha:0.005	lambdau:0.1	lambdav:0.1	lambdauv:0.001
1	1.661557986	1.68479482141	1.36063312002
2	1.03163835341	1.0613366309	0.792523825091
3	0.906915511426	0.937490785484	0.704181285993
4	0.858396453071	0.887671594061	0.67027286741
5	0.83396422567	0.862580051914	0.65334716817
6	0.818325749271	0.846882775825	0.643115236993
7	0.80631779705	0.834795892923	0.634194659606
8	0.797221188512	0.826305715065	0.62781309203
9	0.790303150168	0.819754479603	0.622844847211
10	0.78442388417	0.814332223236	0.618701995105
11	0.779582097286	0.809874069554	0.615999035256
12	0.775187237248	0.806081278798	0.613335951713
13	0.771416667321	0.803040383022	0.610332582045
14	0.767902237789	0.800049700717	0.608486343325
15	0.764702882776	0.798152552623	0.607156570247
16	0.761007135607	0.795011500025	0.60428317411
17	0.758252214071	0.793137732095	0.603041261303
18	0.755980924477	0.790874667899	0.600864329566
19	0.752827034332	0.789470358266	0.599860939577
20	0.750555240777	0.787577457238	0.598130141884
MF =True	CTR =False	RAPMF = True	RAPARE = False hasLDA = False feature = 10
alpha:0.005	lambdau:0.1	lambdav:0.1	lambdauv:0.01
1	0.947164916157	0.980386475077	0.740894591505
2	0.850750631397	0.889094571766	0.676215199835
3	0.816826504235	0.861002823949	0.657477267593
4	0.793975971195	0.845490516972	0.645254788239
5	0.777121354064	0.836721273618	0.63791042024
6	0.768149616231	0.831097212241	0.63285067737
7	0.762577885461	0.829317514893	0.632684777397
8	0.755492388413	0.825345606819	0.628448474341
9	0.753893836528	0.826233637613	0.628155989753
10	0.752550551775	0.828591932455	0.631596783292
11	0.748636029936	0.824529934452	0.629485127199
12	0.747493598442	0.825837110491	0.629344371738
13	0.742903080451	0.822717364976	0.627210971474
14	0.74007562316	0.82060001351	0.625104739635
15	0.744945624482	0.825511152242	0.627845095774
16	0.743801788965	0.826460340442	0.629407068057
17	0.738983699558	0.822522549327	0.626129873918
18	0.740360328639	0.82422649306	0.628875213832
19	0.739570743386	0.825807923951	0.629678284567
20	0.738566975044	0.823159010125	0.626615941477
MF =True	CTR =False	RAPMF = True	RAPARE = False hasLDA = False feature = 10
alpha:0.005	lambdau:0.1	lambdav:0.1	lambdauv:0.1
1	2.27417327025	2.28575040667	2.01298574925
2	2.27381151201	2.27749363857	2.00398476157
3	2.27642186198	2.28032460654	2.00713267456
4	2.27609216526	2.27810026562	2.004636725
5	2.2767895443	2.27996185837	2.00679209665
6	2.27691473292	2.28006001945	2.00685534683
7	2.27698762438	2.27860851179	2.00517191886
8	2.27576083536	2.28126321631	2.00828577406
9	2.27359411206	2.28256383231	2.0096918743
10	2.27402413128	2.28086648749	2.00795006155
11	2.2756403398	2.27906540948	2.00573143972
12	2.27520745442	2.28198824126	2.00897666068
13	2.27547226954	2.28084515603	2.00760948364
14	2.27788748333	2.28089208498	2.0077505802
15	2.27540250089	2.28139544392	2.0085144478
16	nan	nan	nan
17	nan	nan	nan
18	nan	nan	nan
19	nan	nan	nan
20	nan	nan	nan
MF =True	CTR =False	RAPMF = True	RAPARE = False hasLDA = False feature = 10
alpha:0.005	lambdau:0.1	lambdav:0.1	lambdauv:1
1	2.0972445869	2.11441840652	1.84328359136
2	1.1696238087	1.19592313071	0.897810879395
3	0.988337904586	1.017524274	0.759947657913
4	0.916070639166	0.946036280142	0.709327029639
5	0.880225107783	0.910205975183	0.684068511658
6	0.858650764919	0.88850426081	0.670043799422
7	0.843897164944	0.874146338856	0.660045274812
8	0.833685296743	0.864284751473	0.652840107974
9	0.825567486647	0.856572946421	0.647537850062
10	0.81844659298	0.849608619391	0.64225241341
11	0.812843329195	0.844696347761	0.638709876147
12	0.807578808129	0.84010605721	0.635444854392
13	0.801934160357	0.834996290083	0.631792958814
14	0.798368499742	0.832178866716	0.62894607597
15	0.793602550182	0.828060761168	0.625657452232
16	0.790037147797	0.825553691681	0.624369781154
17	0.786142324311	0.822401182046	0.621329568929
18	0.782785929536	0.820447920406	0.620618814831
19	0.779293924483	0.817519280805	0.617810286138
20	0.776129424083	0.815304320375	0.615874718383
MF =True	CTR =False	RAPMF = True	RAPARE = False hasLDA = False feature = 10
alpha:0.005	lambdau:0.1	lambdav:0.001	lambdauv:0.001
1	1.53675798008	1.56128493693	1.23213851475
2	1.02678917615	1.05731283238	0.786972353571
3	0.912287650374	0.944243642258	0.705153558794
4	0.863740828707	0.896499840159	0.673372032951
5	0.835344130512	0.869113044962	0.654790886707
6	0.817571179012	0.852272214179	0.642684772207
7	0.804536922034	0.840902775802	0.634509208505
8	0.795101754313	0.83266501362	0.627517210337
9	0.787165052809	0.825924443682	0.622860107803
10	0.779719496714	0.820039852892	0.618641390315
11	0.774217550695	0.815362061558	0.615415969871
12	0.768986674421	0.811774249301	0.612198253034
13	0.764398109283	0.809611810987	0.610957962309
14	0.759819960094	0.806484755023	0.609141874781
15	0.756496803603	0.804149940609	0.606658393241
16	0.753413238716	0.802319509972	0.605660827853
17	0.750471809156	0.800468050318	0.60328990712
18	0.747117216904	0.798014509877	0.601774060893
19	0.744280929441	0.79714106905	0.60145455534
20	0.741960022305	0.795405194959	0.600331475056
MF =True	CTR =False	RAPMF = True	RAPARE = False hasLDA = False feature = 10
alpha:0.005	lambdau:0.1	lambdav:0.001	lambdauv:0.01
1	0.947989318815	0.980801490408	0.740155412796
2	0.848983674645	0.888091676654	0.675937480909
3	0.814141012794	0.859788540837	0.655628118029
4	0.794251170452	0.84721431959	0.646353243981
5	0.775664123595	0.835305944849	0.635525806782
6	0.769280876953	0.834214748653	0.636649459637
7	0.762351360897	0.830619342681	0.632149926841
8	0.759263980009	0.830582507306	0.633467350771
9	0.756145447935	0.830625180916	0.632283241226
10	0.751588104207	0.828640438904	0.63093347589
11	0.748629825104	0.826992921377	0.62955076321
12	0.749559876276	0.829192309553	0.631698807023
13	0.750772676689	0.833104475515	0.634233131387
14	0.742808874648	0.825854239138	0.627376952221
15	0.742200741936	0.827241615065	0.628452423593
16	0.743190706349	0.828599803091	0.630111609925
17	0.745243263097	0.831206989781	0.632187764383
18	0.742462804672	0.829691509531	0.630681740625
19	0.739951883512	0.827000427867	0.627956570405
20	0.737564380215	0.826396549514	0.629848258923
MF =True	CTR =False	RAPMF = True	RAPARE = False hasLDA = False feature = 10
alpha:0.005	lambdau:0.1	lambdav:0.001	lambdauv:0.1
1	2.27684530559	2.28031180465	2.00708888597
2	2.27819979623	2.27742954881	2.00368310685
3	2.27551220717	2.28008135826	2.00699644339
4	2.27556928803	2.28031607195	2.00719592474
5	2.27579442633	2.27779270026	2.00417937752
6	2.27617172086	2.27925326606	2.00601363285
7	2.27533461313	2.28046542263	2.00722511713
8	2.27641898923	2.28170678834	2.0085193132
9	2.27298335689	2.28570783471	2.01345282753
10	2.27372770838	2.28342481609	2.01043628031
11	2.27542341189	2.28292190461	2.01002272141
12	2.27790361972	2.28154045894	2.00820306228
13	2.27622878517	2.27699369062	2.00323062477
14	2.27460982231	2.28397022198	2.01100553196
15	2.27726837338	2.28186031242	2.00864581357
16	nan	nan	nan
17	nan	nan	nan
18	nan	nan	nan
19	nan	nan	nan
20	nan	nan	nan
MF =True	CTR =False	RAPMF = True	RAPARE = False hasLDA = False feature = 10
alpha:0.005	lambdau:0.1	lambdav:0.001	lambdauv:1
1	2.32091377119	2.33567948459	2.10951347719
2	1.15326342507	1.18681927006	0.893878582715
3	0.955948769622	0.992205209136	0.742925545518
4	0.882812713065	0.919904707095	0.690894776143
5	0.846360526679	0.88415186285	0.66614892857
6	0.825719276048	0.863747903513	0.651717941454
7	0.81182868435	0.850103441393	0.642642474201
8	0.801323865306	0.839483848759	0.634681344178
9	0.793218489659	0.832476782184	0.629497632714
10	0.786349383039	0.826231519208	0.624969390385
11	0.779382735546	0.820583807024	0.620773353236
12	0.774330716559	0.817319420193	0.617924781963
13	0.769106826417	0.813090597531	0.614606767928
14	0.764601998407	0.810067280265	0.611741560785
15	0.760941311387	0.808180155662	0.610996073832
16	0.757159790907	0.805781160259	0.608765477529
17	0.753998161293	0.804175536208	0.60774811636
18	0.750784158832	0.802367712665	0.606296322721
19	0.748120261785	0.801148503553	0.604954594917
20	0.74505637128	0.799968307848	0.604117093921
MF =True	CTR =False	RAPMF = True	RAPARE = False hasLDA = False feature = 10
alpha:0.005	lambdau:0.001	lambdav:0.05	lambdauv:0.001
1	1.51636316334	1.54422780962	1.21727473061
2	1.00182991183	1.03661816017	0.772591230261
3	0.889388056787	0.927243243285	0.695108423245
4	0.844207809946	0.882378400578	0.664543354521
5	0.818822409619	0.858183619038	0.647648849585
6	0.801647074547	0.841649836577	0.63519899666
7	0.788980424131	0.831541109929	0.627662924484
8	0.778124396822	0.822851354164	0.622155392541
9	0.770458766825	0.817152454905	0.616935727261
10	0.762584934399	0.811848313841	0.613692789488
11	0.756719640334	0.808295467331	0.610797252953
12	0.750637815972	0.804527448905	0.607716084389
13	0.7453997579	0.801555011536	0.604625092814
14	0.741071525556	0.800178504037	0.603769643934
15	0.736614736345	0.798620896808	0.602481760743
16	0.732007585137	0.796178594071	0.601260070522
17	0.728275082058	0.795190529492	0.599788952698
18	0.725850089825	0.795064884989	0.599454324985
19	0.722701019374	0.793616592064	0.59838040989
20	0.719405667528	0.793187335479	0.597744433588
MF =True	CTR =False	RAPMF = True	RAPARE = False hasLDA = False feature = 10
alpha:0.005	lambdau:0.001	lambdav:0.05	lambdauv:0.01
1	0.946717945382	0.980035039703	0.741139019613
2	0.844797160425	0.885949558328	0.673663043544
3	0.805562621771	0.856244890009	0.651839071406
4	0.786704610968	0.846671105534	0.644691112682
5	0.772941947324	0.838883876694	0.638472249743
6	0.768404907959	0.839165777836	0.639338500024
7	0.760678312955	0.834474347337	0.636646423967
8	0.749923036907	0.829354439083	0.631734102485
9	0.750025422333	0.832738636911	0.633176578069
10	0.748930945557	0.831013727963	0.632577298452
11	0.748429139756	0.834237510955	0.635841943116
12	0.74271236086	0.829163140508	0.632350293079
13	0.743279599364	0.831520446992	0.633076680613
14	0.740856123607	0.829822132133	0.63141021917
15	0.742189208857	0.832345707639	0.633736650265
16	0.737952741774	0.829595769753	0.631758103952
17	0.734493363398	0.827856085965	0.630602598558
18	0.737000730608	0.831899297435	0.632649727174
19	0.737524207275	0.831931001725	0.631998078977
20	0.73481830372	0.82920639923	0.62990305574
MF =True	CTR =False	RAPMF = True	RAPARE = False hasLDA = False feature = 10
alpha:0.005	lambdau:0.001	lambdav:0.05	lambdauv:0.1
1	2.27350266298	2.280913416	2.00756082965
2	2.2771339945	2.2815617839	2.0085387748
3	2.27467991269	2.28247856872	2.00957510473
4	2.27494003123	2.27719881075	2.0038728574
5	2.27465611988	2.27872381237	2.00528382304
6	2.27611653751	2.28259367381	2.00959456632
7	2.27332491196	2.27689967105	2.00326468256
8	2.27717677478	2.27915507023	2.00587740168
9	2.27570276839	2.27931730454	2.00598444045
10	2.27737798979	2.2770364255	2.00321602857
11	2.27675685943	2.2816939942	2.00866527516
12	2.27443880066	2.28149780842	2.00849498621
13	2.27511765607	2.2797228398	2.00633474916
14	2.27814149447	2.28279402809	2.0100713754
15	2.27572337936	2.28110538623	2.00806683112
16	nan	nan	nan
17	nan	nan	nan
18	nan	nan	nan
19	nan	nan	nan
20	nan	nan	nan
MF =True	CTR =False	RAPMF = True	RAPARE = False hasLDA = False feature = 10
alpha:0.005	lambdau:0.001	lambdav:0.05	lambdauv:1
1	2.2045490095	2.22116719563	1.97100269854
2	1.13475361695	1.16760449843	0.878694824685
3	0.947197919037	0.982064507509	0.735944509811
4	0.877324268031	0.912726870394	0.68628492849
5	0.843246517499	0.877872385666	0.662037559411
6	0.823383047362	0.858787736901	0.64896885594
7	0.810255782035	0.84542569566	0.639504819069
8	0.800769808683	0.836641909255	0.633646677992
9	0.792669594923	0.829259109349	0.628248695202
10	0.785876303101	0.823607466052	0.624203758885
11	0.779847761765	0.818486123999	0.620020376418
12	0.776245493166	0.815577725497	0.617512307351
13	0.771670850215	0.812497630498	0.615361937459
14	0.767663847711	0.809262476658	0.612290402297
15	0.764201766902	0.807552157442	0.610597790353
16	0.761105073822	0.805745191907	0.609295958308
17	0.758590294878	0.804315809382	0.609077218392
18	0.756248857198	0.803837434911	0.60873916536
19	0.753520217089	0.801808783618	0.606556424374
20	0.750683239615	0.800848120962	0.605697601364
MF =True	CTR =False	RAPMF = True	RAPARE = False hasLDA = False feature = 10
alpha:0.005	lambdau:0.001	lambdav:0.1	lambdauv:0.001
1	1.52614295817	1.55419212291	1.22711623709
2	0.998451056998	1.03202945688	0.770020606387
3	0.886648073496	0.920013402525	0.690178521918
4	0.841276739184	0.875985063061	0.659580002744
5	0.816979762263	0.853153682648	0.643885078252
6	0.800806469791	0.837986675945	0.633016232429
7	0.790072610398	0.829366485628	0.627380090487
8	0.779757631741	0.821598985594	0.62176826488
9	0.772195959836	0.814956961907	0.616226221709
10	0.766018610072	0.810966964465	0.613184065949
11	0.760456780767	0.807975451033	0.610902084579
12	0.755313989639	0.805691828938	0.609422460073
13	0.750370092626	0.803208540334	0.607817576345
14	0.745651730113	0.800702105715	0.604773317735
15	0.742181602505	0.799812138856	0.605119919039
16	0.737973118336	0.798888184603	0.603702170712
17	0.735547275992	0.798253276982	0.602799445007
18	0.731021973101	0.795885142859	0.601003274764
19	0.729492177675	0.797028459462	0.601689024244
20	0.726627056935	0.796249241741	0.601334035365
MF =True	CTR =False	RAPMF = True	RAPARE = False hasLDA = False feature = 10
alpha:0.005	lambdau:0.001	lambdav:0.1	lambdauv:0.01
1	0.946198998502	0.980143343576	0.740161212783
2	0.850692372449	0.890792339067	0.67784224487
3	0.814455081161	0.862054396449	0.657431254114
4	0.791866859592	0.84817547911	0.648208094696
5	0.77903789993	0.842842659662	0.643104604126
6	0.76879875227	0.837726490452	0.63937400117
7	0.760339787339	0.833755653682	0.635170722585
8	0.758805389354	0.835202162973	0.636025989344
9	0.753828090275	0.833851738834	0.633810128466
10	0.75227141428	0.833104897849	0.633584852336
11	0.748630909775	0.830978777264	0.632918663973
12	0.747692557372	0.832079830144	0.63541663579
13	0.747410609102	0.834049196871	0.63541344339
14	0.746185752281	0.833927296252	0.63397598633
15	0.744896207057	0.835040564533	0.636996247724
16	0.742537273058	0.832235369108	0.632673231544
17	0.743145429643	0.835099559992	0.635426168607
18	0.745289620655	0.837335073993	0.636810617778
19	0.741561182021	0.833697812136	0.634686054359
20	0.740110108804	0.833813557546	0.634077722351
MF =True	CTR =False	RAPMF = True	RAPARE = False hasLDA = False feature = 10
alpha:0.005	lambdau:0.001	lambdav:0.1	lambdauv:0.1
1	2.27691433676	2.28042701911	2.00707428977
2	2.27621065552	2.27786959549	2.00458807102
3	2.27257784861	2.28120776374	2.00826631247
4	2.27697296705	2.27952648437	2.0061887872
5	2.27818643348	2.28022218937	2.00709861677
6	2.27584922114	2.27560009385	2.0019315633
7	2.27590787887	2.27829674397	2.00485080255
8	2.27488035728	2.28045262153	2.00721052094
9	2.27432834853	2.2803331411	2.00691859701
10	2.27669881787	2.27912945323	2.00560493935
11	2.27606006484	2.2785316415	2.00508920709
12	2.27717736895	2.28091768218	2.0077457148
13	2.2773041206	2.27963746995	2.00632988377
14	2.27753383998	2.27912945323	2.00575576671
15	2.27591263483	2.28223555001	2.00920046902
16	nan	nan	nan
17	nan	nan	nan
18	nan	nan	nan
19	nan	nan	nan
20	nan	nan	nan
MF =True	CTR =False	RAPMF = True	RAPARE = False hasLDA = False feature = 10
alpha:0.005	lambdau:0.001	lambdav:0.1	lambdauv:1
1	2.00147665432	2.02353449369	1.73478802214
2	1.13065349666	1.16430070364	0.87585942199
3	0.953517781161	0.990898896123	0.741870311951
4	0.884147489788	0.9223410884	0.692442144334
5	0.848818971474	0.887124597519	0.667107552991
6	0.827568796075	0.866661214214	0.652302541281
7	0.812166029043	0.852333990235	0.642154374857
8	0.800933459204	0.842392857031	0.635655442967
9	0.791791955664	0.834549557197	0.629408429144
10	0.784217788039	0.827743270809	0.623722214792
11	0.777478966765	0.822748302236	0.620131007037
12	0.771419355807	0.818408215296	0.616440944707
13	0.766353803941	0.814776790126	0.613272474861
14	0.761607677652	0.811465340146	0.610701305802
15	0.757367011094	0.808796180439	0.608686201017
16	0.75334240235	0.806268722815	0.606846156788
17	0.750016172571	0.804252553829	0.605307881834
18	0.747041781819	0.80279325863	0.60374142264
19	0.743802361841	0.80171333572	0.603111032555
20	0.74101756918	0.800355925696	0.601859779655
MF =True	CTR =False	RAPMF = True	RAPARE = False hasLDA = False feature = 10
alpha:0.005	lambdau:0.001	lambdav:0.001	lambdauv:0.001
1	1.56800088898	1.59585110214	1.2691558057
2	1.01260401763	1.04682042687	0.780428934105
3	0.893136086231	0.929472056266	0.696311066417
4	0.844348630412	0.882254486716	0.663109001092
5	0.816982247406	0.855818568033	0.644482984638
6	0.799630761131	0.840761303949	0.633809239842
7	0.785217993498	0.828388088867	0.624745493014
8	0.774404977146	0.819895482026	0.618020848175
9	0.765535722724	0.813281873071	0.612652318661
10	0.758813959123	0.809993411176	0.610417522319
11	0.7517335934	0.80531841871	0.606776566283
12	0.745971486641	0.801196349771	0.60402670076
13	0.74078286369	0.798956706266	0.601512558424
14	0.736438515617	0.797128747684	0.601205592747
15	0.732208248041	0.794553467328	0.598179498985
16	0.728624960644	0.793816510198	0.59750038133
17	0.725424435062	0.792268891011	0.595955272794
18	0.722071661238	0.791137025922	0.595751266882
19	0.719471742174	0.790451329194	0.594436410223
20	0.717114267957	0.789775137186	0.593718990363
MF =True	CTR =False	RAPMF = True	RAPARE = False hasLDA = False feature = 10
alpha:0.005	lambdau:0.001	lambdav:0.001	lambdauv:0.01
1	0.945555252324	0.980121693133	0.740932170603
2	0.847459238274	0.887061339643	0.675480523373
3	0.81112990519	0.86057985629	0.656052149548
4	0.789693624365	0.847670927875	0.647340696228
5	0.775305162081	0.839057282482	0.639664976175
6	0.76851965765	0.836103929136	0.636407348785
7	0.758254833266	0.831059707256	0.632058504591
8	0.751939148351	0.830653038764	0.631681300103
9	0.747769848602	0.827431975598	0.629065657256
10	0.745554794164	0.829202487338	0.629592832623
11	0.745069204874	0.829987270242	0.63101646766
12	0.743066571281	0.8289112407	0.63093435461
13	0.738781494922	0.826624537093	0.628479168429
14	0.740739975935	0.830389494663	0.630492129499
15	0.735064252692	0.828089497054	0.628778481432
16	0.739148426174	0.831022526713	0.632673997494
17	0.737508216244	0.829938109282	0.629830648723
18	0.735012148241	0.830788909094	0.63113410558
19	0.735288473169	0.830861805797	0.630955611054
20	0.737145595436	0.831559435278	0.631517566265
MF =True	CTR =False	RAPMF = True	RAPARE = False hasLDA = False feature = 10
alpha:0.005	lambdau:0.001	lambdav:0.001	lambdauv:0.1
1	2.27765265126	2.27755345405	2.00397016537
2	2.27484070594	2.27780124431	2.00433993568
3	2.27531647636	2.28435363253	2.01165262999
4	2.27487559915	2.2788689974	2.00538113101
5	2.27432676211	2.2795520969	2.00634934536
6	2.27500565095	2.28310518179	2.01015408718
7	2.27376192444	2.28149354332	2.008504717
8	2.27629783504	2.27971003453	2.00644178794
9	2.27584446504	2.28175369957	2.00876744854
10	2.27258419919	2.28139117863	2.00828577406
11	2.27390632045	2.28001734124	2.00646124953
12	2.27574934099	2.28064463054	2.00752677186
13	2.27405070729	2.28310944387	2.01020760656
14	2.27508970487	2.28177075796	2.00870419835
15	2.27811516416	2.28000026973	2.00675317346
16	nan	nan	nan
17	nan	nan	nan
18	nan	nan	nan
19	nan	nan	nan
20	nan	nan	nan
MF =True	CTR =False	RAPMF = True	RAPARE = False hasLDA = False feature = 10
alpha:0.005	lambdau:0.001	lambdav:0.001	lambdauv:1
1	2.65331878694	2.65401320032	2.47560802266
2	2.65314824123	2.65389068465	2.47548986229
3	2.64590696036	2.64742322479	2.46922588171
4	2.39982083367	2.41110748325	2.2013490276
5	1.87905829461	1.90069380451	1.59699196891
6	1.57259574882	1.59894420861	1.27567095938
7	1.38796651654	1.41547239141	1.09610511827
8	1.26550048596	1.29352855651	0.984692304613
9	1.17953364967	1.20803764096	0.91064108456
10	1.11641134437	1.1453660019	0.85879695266
11	1.06822668735	1.09745376729	0.820715912092
12	1.03015924383	1.05963669849	0.79169028357
13	0.999460366904	1.02912620959	0.768836186939
14	0.974197182984	1.00391856378	0.750106237675
15	0.953175740645	0.983023043985	0.735144700384
16	0.935497598708	0.96546764001	0.722613989044
17	0.920510599101	0.950541038622	0.712150716205
18	0.907655555626	0.937731023568	0.70287054632
19	0.896629929798	0.92673994854	0.69542238354
20	0.886993599896	0.917033763174	0.688598828616
MF =True	CTR =False	RAPMF = True	RAPARE = False hasLDA = False feature = 10
alpha:0.001	lambdau:0.05	lambdav:0.05	lambdauv:0.001
1	2.65340849457	2.65398046124	2.47557785786
2	2.65288605378	2.65354248903	2.47514959512
3	2.5360186534	2.54258198376	2.3533616715
4	1.8898373058	1.90982789668	1.60332784056
5	1.51613727169	1.54115423362	1.21230849711
6	1.31549357737	1.34202907826	1.0218043892
7	1.19275021441	1.2202071398	0.915539414545
8	1.11022796823	1.13843361524	0.848752069299
9	1.05105783616	1.08012927146	0.803535240686
10	1.00682873459	1.03658714163	0.770847603802
11	0.973028159669	1.00338627014	0.74692584423
12	0.946239977524	0.977331382312	0.72836100794
13	0.924571641069	0.956038822075	0.713264356644
14	0.906822019326	0.938535874139	0.701279273434
15	0.892082645753	0.924033774157	0.691416770568
16	0.879645659808	0.91198603792	0.683177180773
17	0.869177335392	0.90164962782	0.676116980036
18	0.860074431405	0.892611285271	0.6699742581
19	0.852370624441	0.885063463213	0.66492046737
20	0.845519467252	0.87823661529	0.660257257736
MF =True	CTR =False	RAPMF = True	RAPARE = False hasLDA = False feature = 10
alpha:0.001	lambdau:0.05	lambdav:0.05	lambdauv:0.01
1	2.46268890371	2.4728226537	2.26043840555
2	1.29108093013	1.31943482667	0.991187634454
3	1.04753972578	1.08058796494	0.798302699877
4	0.94529903629	0.980204403637	0.726403522904
5	0.889600823972	0.926935721749	0.690662917183
6	0.85403201996	0.893047988138	0.667311808874
7	0.829319996341	0.870275042354	0.652174270001
8	0.811086071858	0.854435200082	0.641289184548
9	0.797376389584	0.842222624304	0.632686217999
10	0.786593151119	0.833144473687	0.626564535203
11	0.777322706728	0.826429881446	0.621253155472
12	0.768807689608	0.820645166185	0.616991453083
13	0.761731502464	0.815078534224	0.613518599157
14	0.755180198173	0.810524078437	0.610469404603
15	0.749273523106	0.806999343767	0.60778543237
16	0.744800643975	0.804062121751	0.605391883033
17	0.740355077802	0.801723859119	0.603660706932
18	0.735675253966	0.79912700061	0.602070681245
19	0.731813719717	0.797195201323	0.600189110649
20	0.72779767894	0.794943220476	0.598625652226
MF =True	CTR =False	RAPMF = True	RAPARE = False hasLDA = False feature = 10
alpha:0.001	lambdau:0.05	lambdav:0.05	lambdauv:0.1
1	0.974479116133	1.0056432712	0.772952394052
2	0.901872476378	0.942876070391	0.726471470559
3	0.879257190915	0.927763987917	0.716002147572
4	0.865330720671	0.92024254007	0.7098734806
5	0.862269851392	0.923549639215	0.713858702773
6	0.863430011402	0.92521447429	0.713792073857
7	0.854315100219	0.922024251165	0.711436332909
8	0.854184832527	0.921433738134	0.709843734473
9	0.854332154245	0.923824951329	0.711178251218
10	0.848060613125	0.919748066345	0.707763884299
11	0.856771780791	0.928347203704	0.714834231843
12	0.848411258591	0.922007656513	0.709689882981
13	0.848260623705	0.921322517114	0.710584065217
14	0.848727629052	0.925877586357	0.715335325788
15	0.844373382691	0.921704668328	0.710238890074
16	0.841964128689	0.919827411827	0.709298758355
17	0.84669111228	0.92323288704	0.711610612122
18	0.839484475423	0.91818986315	0.708226795662
19	0.843664169366	0.919430277421	0.710662824965
20	0.861239859503	0.939043185022	0.72468674685
MF =True	CTR =False	RAPMF = True	RAPARE = False hasLDA = False feature = 10
alpha:0.001	lambdau:0.05	lambdav:0.05	lambdauv:1
1	2.65291809706	2.65400946359	2.47561609452
2	2.65292645966	2.65402784572	2.47563540061
3	2.65245543277	2.65362335435	2.47525501834
4	2.61075404756	2.61509394181	2.43669184319
5	2.15651053413	2.17371693747	1.91701558303
6	1.71699327257	1.73974986703	1.42551397215
7	1.4721704701	1.49737971782	1.17681697961
8	1.31757345105	1.34418706936	1.031576706
9	1.21243171864	1.24052175299	0.939427453053
10	1.13753327962	1.16690626139	0.877250629239
11	1.08163808934	1.11194531224	0.833106808419
12	1.03857120376	1.06918880173	0.800050322549
13	1.00438332775	1.03525046739	0.77449561934
14	0.976913819933	1.00797861509	0.754649047645
15	0.954276146774	0.985427794819	0.738138620188
16	0.935363162418	0.966555288275	0.724504809282
17	0.919432082998	0.950556840216	0.7132642548
18	0.905873833495	0.936941049775	0.703678233051
19	0.894225481078	0.925164071411	0.695416312323
20	0.884208278738	0.914940195673	0.688563111056
MF =True	CTR =False	RAPMF = True	RAPARE = False hasLDA = False feature = 10
alpha:0.001	lambdau:0.05	lambdav:0.1	lambdauv:0.001
1	2.65388059923	2.65402727193	2.475614716
2	2.65371552548	2.65389940336	2.47548751298
3	2.60839148395	2.61188903969	2.43220375907
4	1.99918225168	2.01928220325	1.72849510126
5	1.56399903921	1.59102788335	1.26448140841
6	1.33464067832	1.36331876981	1.04394553195
7	1.19918424522	1.22859298273	0.924779827307
8	1.11070918832	1.14092686767	0.852518067215
9	1.04887516499	1.0796146668	0.80433840724
10	1.0034712625	1.03471272758	0.770250296845
11	0.968895475264	1.00062857977	0.744986364947
12	0.941929008416	0.974136495284	0.726283600814
13	0.920284699864	0.952794345943	0.710756852741
14	0.902562337425	0.935322652423	0.698639660058
15	0.887839052454	0.920758959286	0.688497294648
16	0.875288099918	0.907987671108	0.679629383064
17	0.864632730816	0.897297937064	0.672239201595
18	0.855447830602	0.888119092702	0.666302682656
19	0.847349183783	0.880077413927	0.661098549706
20	0.840185570794	0.87272298152	0.655919661289
MF =True	CTR =False	RAPMF = True	RAPARE = False hasLDA = False feature = 10
alpha:0.001	lambdau:0.05	lambdav:0.1	lambdauv:0.01
1	2.59003575049	2.59542877967	2.40920227862
2	1.33035697819	1.35981934653	1.02684117537
3	1.05254742125	1.08402048964	0.803281308539
4	0.945011005103	0.978849456819	0.727441100946
5	0.88991226207	0.926449174829	0.691623992269
6	0.854431268078	0.892702172908	0.668093304374
7	0.830008579133	0.870499617688	0.652434289395
8	0.812227766459	0.855030053772	0.641942625076
9	0.798940356567	0.843848797419	0.634678714939
10	0.78693893542	0.833863809865	0.626763739986
11	0.777269339419	0.827012061353	0.622288783485
12	0.769276569921	0.821150947017	0.618464837545
13	0.762209981873	0.816060744286	0.614542984507
14	0.755151553921	0.811613960951	0.611364965656
15	0.749671153288	0.807647367536	0.608441122583
16	0.744967963544	0.804868611145	0.606315098343
17	0.740399540276	0.802835259008	0.604586587796
18	0.735696773705	0.800210913831	0.602459929643
19	0.731444128632	0.798146875391	0.601496507105
20	0.728104198081	0.796530390376	0.599817355552
MF =True	CTR =False	RAPMF = True	RAPARE = False hasLDA = False feature = 10
alpha:0.001	lambdau:0.05	lambdav:0.1	lambdauv:0.1
1	0.96979077583	1.0017209679	0.770091631604
2	0.907798998338	0.949677142006	0.731268475928
3	0.887106815841	0.933781748766	0.721424507115
4	0.868081289835	0.925636279506	0.71370074923
5	0.863513600746	0.925342129267	0.712619832919
6	0.85363975569	0.918015353603	0.708300721108
7	0.857723610004	0.922002221432	0.712617146865
8	0.850148821763	0.916828696174	0.707653512816
9	0.854784882776	0.922712271259	0.712391802078
10	0.846067075092	0.918021699524	0.707873507722
11	0.844514397745	0.915672738355	0.70626974356
12	0.852522587379	0.925670776415	0.713376929235
13	0.84424554752	0.915206726956	0.707123712923
14	0.841699922408	0.915538812023	0.706357847448
15	0.841622615364	0.914807122585	0.70529065554
16	0.850982031756	0.924002384458	0.713562760177
17	0.850409400195	0.92443774271	0.712989472129
18	0.842461712822	0.92289784539	0.712023424355
19	0.844921999269	0.922299559877	0.710781976473
20	0.843907859637	0.921602186227	0.710835297042
MF =True	CTR =False	RAPMF = True	RAPARE = False hasLDA = False feature = 10
alpha:0.001	lambdau:0.05	lambdav:0.1	lambdauv:1
1	2.65360941008	2.65395299177	2.47555112974
2	2.65357745685	2.65394537387	2.47554593782
3	2.65290294516	2.65336490993	2.47499330473
4	2.60009234954	2.60359876621	2.42418173904
5	2.12973419475	2.14665561561	1.87930322481
6	1.71776492071	1.74300178611	1.4240010957
7	1.48248424005	1.51040877479	1.18738630784
8	1.33161367997	1.36100479514	1.04505804396
9	1.22880094434	1.25913705858	0.953573918881
10	1.15496668102	1.18594404883	0.891234743748
11	1.09929265045	1.13097504347	0.846365004099
12	1.05578153522	1.08832396148	0.812915087278
13	1.02107853561	1.05413113974	0.786661752642
14	0.992845080321	1.02641372773	0.765825330662
15	0.969479709875	1.00327920051	0.748604309244
16	0.949813244462	0.98381541079	0.73454537966
17	0.933242107824	0.96743953725	0.722852278016
18	0.919081208842	0.953434231195	0.712919315997
19	0.906904012065	0.941335272467	0.704303807093
20	0.896272457923	0.930795735778	0.696852192596
MF =True	CTR =False	RAPMF = True	RAPARE = False hasLDA = False feature = 10
alpha:0.001	lambdau:0.05	lambdav:0.001	lambdauv:0.001
1	2.65291685748	2.65401470684	2.47560237661
2	2.65246684308	2.65364303426	2.47522994843
3	2.56574638556	2.57242214059	2.38734980716
4	1.92665033951	1.94907082781	1.64801473359
5	1.53390326264	1.56113763501	1.23377249471
6	1.32649592078	1.35497667233	1.03501340624
7	1.20105643767	1.23098093043	0.925191022404
8	1.11707693996	1.14825789381	0.856761487586
9	1.057331151	1.08904750637	0.810555725707
10	1.01262299225	1.04489969257	0.777039502854
11	0.9781844468	1.01063676131	0.752139388317
12	0.950908371713	0.983508004826	0.732496903401
13	0.928975596447	0.961579751869	0.716946749031
14	0.910828383348	0.943600160716	0.704531352106
15	0.89568222936	0.928626938733	0.694078093435
16	0.88277934352	0.915895472104	0.685154756132
17	0.871769183401	0.904953744785	0.677513109905
18	0.862286486119	0.895826153088	0.671391899881
19	0.853895880181	0.887579539739	0.665881580015
20	0.846527165988	0.880431462826	0.660956333461
MF =True	CTR =False	RAPMF = True	RAPARE = False hasLDA = False feature = 10
alpha:0.001	lambdau:0.05	lambdav:0.001	lambdauv:0.01
1	2.39116837723	2.4045191636	2.17651604961
2	1.28215213677	1.31170000336	0.98251076691
3	1.04326168032	1.07695815845	0.795513948893
4	0.943239363878	0.979070891697	0.726164984775
5	0.887869476206	0.925982886669	0.688957193313
6	0.853570991034	0.8935949568	0.667858717645
7	0.830019740436	0.872023727511	0.653225903454
8	0.811575646965	0.856069735047	0.641740233175
9	0.797714400437	0.844203687838	0.634131630214
10	0.786629327053	0.835321062942	0.628705751346
11	0.776765072441	0.827648180345	0.622225423897
12	0.768362836143	0.821015279243	0.617958859711
13	0.761196946958	0.816070859613	0.613868177702
14	0.754562000642	0.811531805224	0.610894918915
15	0.748190260085	0.807493111279	0.607804233918
16	0.743825162372	0.804572185187	0.605314104735
17	0.738773168877	0.801182560437	0.603235988206
18	0.735108226132	0.799676221961	0.601664828116
19	0.731639118223	0.797520363937	0.599878862622
20	0.728224956892	0.796360244704	0.599971712908
MF =True	CTR =False	RAPMF = True	RAPARE = False hasLDA = False feature = 10
alpha:0.001	lambdau:0.05	lambdav:0.001	lambdauv:0.1
1	0.969751863217	1.00071150493	0.76829980082
2	0.910698430455	0.954850433839	0.735719367081
3	0.889027653184	0.939173497886	0.724956000306
4	0.864298818785	0.921869920577	0.710614337683
5	0.855418045505	0.91530517262	0.705533837992
6	0.865141293602	0.927543172327	0.716870475047
7	0.856896414495	0.92378884569	0.712486508708
8	0.843040267095	0.912019749997	0.703468908705
9	0.850108538985	0.9220497949	0.712529542997
10	0.850234609068	0.923639462324	0.71147509657
11	0.852945395805	0.92372998988	0.711295104448
12	0.846266411076	0.919068464509	0.709234089421
13	0.842529139801	0.916276678417	0.707021725319
14	0.837625183648	0.913834192094	0.703943459057
15	0.845492929279	0.920066761414	0.709207613319
16	0.841256261062	0.917190531338	0.706879572686
17	0.848145616418	0.925385692599	0.712750278279
18	0.846471562227	0.925238859568	0.713409164145
19	0.845760421313	0.922321007804	0.711737429942
20	0.84008346527	0.919346554235	0.708258103424
MF =True	CTR =False	RAPMF = True	RAPARE = False hasLDA = False feature = 10
alpha:0.001	lambdau:0.05	lambdav:0.001	lambdauv:1
1	2.6529951322	2.65401725733	2.47561860189
2	2.65300538157	2.65403873256	2.47564089497
3	2.6523304616	2.65352243168	2.4751442565
4	2.58094896307	2.58679989789	2.40676969167
5	2.08592701264	2.10362999794	1.83199632319
6	1.69007698544	1.71444669019	1.39585768482
7	1.46515515159	1.49208487139	1.16894431236
8	1.32251861083	1.35005411327	1.03406387634
9	1.22475730222	1.25261504468	0.946977850445
10	1.15353057653	1.18165562849	0.887243735668
11	1.09956576365	1.12799415651	0.844153324899
12	1.05757419184	1.08629066214	0.812027400692
13	1.02405348779	1.05315075979	0.787046698048
14	0.996970145302	1.02622663114	0.76718095053
15	0.974349787325	1.00371256126	0.750757136265
16	0.955589132485	0.98491549466	0.737159976185
17	0.939674431344	0.969021220796	0.72583961588
18	0.926226225886	0.955668441361	0.71658699267
19	0.914419042621	0.943678815038	0.708102307419
20	0.904210775516	0.933508715364	0.701025136678
MF =True	CTR =False	RAPMF = True	RAPARE = False hasLDA = False feature = 10
alpha:0.001	lambdau:0.1	lambdav:0.05	lambdauv:0.001
1	2.65289964032	2.65404094798	2.47563820124
2	2.65278683629	2.65396641067	2.47556551762
3	2.62759178053	2.63119008512	2.45250637978
4	2.07579188569	2.09331186398	1.81508183216
5	1.60493473461	1.62909159645	1.30306866628
6	1.36681159525	1.39353325274	1.07003138157
7	1.2273059848	1.25548286161	0.946007853105
8	1.13564237001	1.16440308884	0.870330314916
9	1.07119031802	1.10036598589	0.819849819521
10	1.02369831003	1.05301114538	0.783973196006
11	0.987572761207	1.01709115146	0.757678205543
12	0.959382397739	0.989039050612	0.737473832363
13	0.936822996461	0.966561137653	0.721594407462
14	0.918450722096	0.948299020167	0.708663692374
15	0.903315620967	0.933455782508	0.698430040996
16	0.890457467542	0.920725390527	0.68946422357
17	0.879861436734	0.910257409594	0.682443499835
18	0.870517624387	0.901109143649	0.676252813051
19	0.862535114513	0.89315713192	0.670691425854
20	0.855489081279	0.886341732433	0.666214374736
MF =True	CTR =False	RAPMF = True	RAPARE = False hasLDA = False feature = 10
alpha:0.001	lambdau:0.1	lambdav:0.05	lambdauv:0.01
1	2.42284606765	2.43351060823	2.21103832406
2	1.2880061833	1.31639165897	0.986275921008
3	1.04447510557	1.07603565403	0.795001490864
4	0.944122875079	0.977582028663	0.724137610846
5	0.890418375443	0.925897235739	0.68859718089
6	0.854942953922	0.892622806573	0.666618395094
7	0.830758432084	0.870055186186	0.651198313307
8	0.812565691299	0.854224552161	0.639681380421
9	0.798377088108	0.840615105119	0.631692110628
10	0.786650370568	0.831104038511	0.624358086447
11	0.776714008466	0.823100360527	0.618375434275
12	0.768531758043	0.81778430988	0.615423911497
13	0.761964114154	0.812995418647	0.611610669436
14	0.755237063191	0.808705989198	0.609474609226
15	0.74923105257	0.804618721642	0.605892054452
16	0.744130256407	0.801436128397	0.603389241961
17	0.739243853551	0.798356026086	0.601632760617
18	0.735387102965	0.796375402032	0.599890949134
19	0.731556617151	0.794551910961	0.598076366069
20	0.72831107657	0.792165194133	0.596566233588
MF =True	CTR =False	RAPMF = True	RAPARE = False hasLDA = False feature = 10
alpha:0.001	lambdau:0.1	lambdav:0.05	lambdauv:0.1
1	0.970042131719	1.00397653734	0.771255527944
2	0.899885879752	0.943581933445	0.727457360257
3	0.884922929195	0.936652916574	0.72474436106
4	0.871835056739	0.929861997671	0.716713551876
5	0.8658260116	0.924830231086	0.712168646461
6	0.858677894325	0.919809254513	0.710919931329
7	0.852065590345	0.917244212892	0.70760399227
8	0.846816524234	0.913018595114	0.705149902909
9	0.848655843759	0.919671486969	0.70970880402
10	0.853771751891	0.923845540366	0.711422387545
11	0.858912019483	0.930674119383	0.718898313693
12	0.843622719149	0.915394213442	0.703860991776
13	0.84365896044	0.917908175369	0.70741303435
14	0.847298273852	0.920308305826	0.709657223336
15	0.846443968219	0.91926825164	0.70837297035
16	0.837415734129	0.914764209166	0.705489612062
17	0.842364262345	0.917823336407	0.708274434151
18	0.842922047661	0.918054531268	0.708288061621
19	0.842059210282	0.91962102872	0.707624634047
20	0.84242292197	0.92051902193	0.711627645476
MF =True	CTR =False	RAPMF = True	RAPARE = False hasLDA = False feature = 10
alpha:0.001	lambdau:0.1	lambdav:0.05	lambdauv:1
1	2.65375779298	2.65405830678	2.47566007832
2	2.65380181004	2.65410490827	2.47570658688
3	2.65371223223	2.65404070226	2.47564558081
4	2.63846720831	2.64038044556	2.46259707436
5	2.26495892119	2.27956594485	2.04382283611
6	1.78536530536	1.80805677695	1.49582708937
7	1.51959325151	1.54582019974	1.22202212155
8	1.35421871129	1.38165394348	1.06445687395
9	1.24286514885	1.27093290679	0.965211534562
10	1.16376292683	1.19228785465	0.89846218184
11	1.10483786206	1.13380633553	0.851036466683
12	1.0593642846	1.08862840101	0.815845224973
13	1.02362275416	1.05311777532	0.789117963098
14	0.994905545689	1.02455301141	0.76812238225
15	0.971435726058	1.0011547385	0.75114331729
16	0.951898320571	0.981655695429	0.737136562499
17	0.935620335533	0.965404798779	0.725590785847
18	0.921774330419	0.951560704879	0.715881561609
19	0.909973243439	0.939650348313	0.707516302563
20	0.899612686666	0.929148490257	0.70024316606
MF =True	CTR =False	RAPMF = True	RAPARE = False hasLDA = False feature = 10
alpha:0.001	lambdau:0.1	lambdav:0.1	lambdauv:0.001
1	2.6541392721	2.65402442287	2.47561485299
2	2.65405936309	2.65394663711	2.47553838598
3	2.6180919255	2.62041601702	2.44110173765
4	2.02285942375	2.0415359917	1.75576982452
5	1.57759270213	1.60427990393	1.27868216465
6	1.34999325347	1.37829004235	1.05694617118
7	1.21531049603	1.24446113965	0.93761227541
8	1.12557978454	1.15546457499	0.863622120529
9	1.06252391863	1.09280153425	0.814434455951
10	1.01640351361	1.04704106818	0.779824117855
11	0.980884324251	1.01177858797	0.754200309939
12	0.952916777757	0.983788105153	0.733988804157
13	0.930446233759	0.961325764669	0.718469228866
14	0.912305028302	0.943262889061	0.705847919599
15	0.896964846298	0.927694255538	0.695012814393
16	0.88430717097	0.915050455198	0.686445719953
17	0.873579542398	0.904203837376	0.679141008109
18	0.864288630554	0.89468460387	0.672412368677
19	0.85631358169	0.886613556247	0.66737208727
20	0.849345983883	0.87981331829	0.662925900662
MF =True	CTR =False	RAPMF = True	RAPARE = False hasLDA = False feature = 10
alpha:0.001	lambdau:0.1	lambdav:0.1	lambdauv:0.01
1	2.33529098927	2.34848002816	2.10934941946
2	1.2686140371	1.29642969767	0.969920792427
3	1.03774451755	1.06899809208	0.789203288656
4	0.942439695072	0.975612232322	0.722772897567
5	0.890421376534	0.925817111295	0.689994545914
6	0.856765133152	0.893110012513	0.666736401576
7	0.832981328442	0.871602988472	0.653301866174
8	0.815106859584	0.85522057551	0.641475855913
9	0.800483530267	0.842977290147	0.633392368447
10	0.788723533028	0.832754552846	0.625953107031
11	0.778354263905	0.824417527588	0.61944530264
12	0.769985736887	0.817657467812	0.614888225418
13	0.762341033152	0.812237300756	0.611684297732
14	0.755812081647	0.807709951153	0.608595775191
15	0.74997643221	0.804236037645	0.605403911938
16	0.744288772628	0.800762907083	0.602597612015
17	0.740580247989	0.798408536396	0.600445769907
18	0.735590412652	0.796020772254	0.599593086949
19	0.732368111949	0.793990083292	0.597788117938
20	0.728386204183	0.791569866666	0.596508132949
MF =True	CTR =False	RAPMF = True	RAPARE = False hasLDA = False feature = 10
alpha:0.001	lambdau:0.1	lambdav:0.1	lambdauv:0.1
1	0.970171591837	1.00308985594	0.770257201007
2	0.898760374771	0.941210599765	0.725792600097
3	0.888446976908	0.938020054861	0.723901153321
4	0.865929685419	0.923089314375	0.712747514055
5	0.86469516362	0.925940398914	0.715490648291
6	0.85253737147	0.916460587946	0.705431807984
7	0.854772509743	0.9211500259	0.711385067779
8	0.850280284311	0.918271638377	0.709322414039
9	0.848292702523	0.920097261352	0.710235433952
10	0.848045313021	0.921311845	0.710302951131
11	0.844985620565	0.916903960131	0.707509909916
12	0.842947069467	0.918286014393	0.708753432057
13	0.853385197023	0.92756820735	0.71605917443
14	0.84722910674	0.92402747276	0.71320074464
15	0.844835963451	0.920195416555	0.710184598029
16	0.841770835128	0.915772827877	0.706317233476
17	0.836854108518	0.916554130878	0.705771646757
18	0.843163899755	0.918931986129	0.709642395711
19	0.851308634351	0.92920684256	0.716065205782
20	0.840669933369	0.920802964355	0.710391216363
MF =True	CTR =False	RAPMF = True	RAPARE = False hasLDA = False feature = 10
alpha:0.001	lambdau:0.1	lambdav:0.1	lambdauv:1
1	2.65260386947	2.65399961623	2.47560668083
2	2.65256700588	2.65396400596	2.47557485258
3	2.65062099849	2.65226537032	2.47396974801
4	2.51464182295	2.52287524507	2.33491533225
5	1.99025827258	2.01007104103	1.72067630216
6	1.64363227215	1.66833994131	1.34729531279
7	1.44038724562	1.46684243817	1.14453854833
8	1.30826645804	1.33558112775	1.02139900357
9	1.21681777145	1.24502127289	0.940987784486
10	1.15034972058	1.17938711877	0.885325866671
11	1.09985866802	1.12958669378	0.845001053963
12	1.0602305466	1.09059351345	0.81427239432
13	1.02843071062	1.05941839207	0.790176779071
14	1.00258669751	1.03399533425	0.770928913395
15	0.981268961235	1.01303774493	0.755553014502
16	0.963303617403	0.995335356961	0.742578310111
17	0.947975021386	0.980111365988	0.73162759315
18	0.934847088011	0.967014697733	0.722339856726
19	0.923427949076	0.955713835456	0.714480822917
20	0.91343052288	0.945701333629	0.707566863642
MF =True	CTR =False	RAPMF = True	RAPARE = False hasLDA = False feature = 10
alpha:0.001	lambdau:0.1	lambdav:0.001	lambdauv:0.001
1	2.65269353765	2.65402618365	2.47561174178
2	2.65250804903	2.65390977893	2.47550011262
3	2.61709559485	2.62195737339	2.44308293136
4	2.04660466581	2.06553490281	1.78102421036
5	1.60126755683	1.62841034504	1.30096285301
6	1.36859790555	1.39812547854	1.0737215874
7	1.23177843983	1.26220289994	0.950871764735
8	1.14233928036	1.17314176923	0.87619223081
9	1.0792707766	1.11020082506	0.826011563632
10	1.03248621767	1.06375469136	0.7907023692
11	0.996192887016	1.02765986811	0.763995390647
12	0.96798265877	0.999648371368	0.74383585876
13	0.945177411605	0.977109819785	0.727523597191
14	0.926124630719	0.95828845443	0.714281878916
15	0.910691949391	0.942968688172	0.703819171495
16	0.89739472278	0.930009231467	0.69495151602
17	0.886146961161	0.918927562115	0.68731330284
18	0.87639573378	0.909395860634	0.680694474423
19	0.868099272205	0.901236534768	0.67529611413
20	0.860569471819	0.893847469056	0.670422896511
MF =True	CTR =False	RAPMF = True	RAPARE = False hasLDA = False feature = 10
alpha:0.001	lambdau:0.1	lambdav:0.001	lambdauv:0.01
1	2.48603594611	2.49462836125	2.28746421416
2	1.29651399087	1.32549575408	0.996108301032
3	1.04778330147	1.07981524379	0.798308032568
4	0.946078976563	0.981160911273	0.727277581647
5	0.890670229104	0.928024340602	0.691038904359
6	0.854415864486	0.893807437202	0.666773404021
7	0.830047783137	0.871419793477	0.652400951509
8	0.811169545919	0.854941365488	0.640847638933
9	0.797078271808	0.842416409288	0.632031628788
10	0.786071418383	0.833679305231	0.625390317517
11	0.775967905869	0.825288205618	0.620110679517
12	0.768573164334	0.820012045205	0.617012944494
13	0.760934840888	0.814387557934	0.611917723631
14	0.755921750538	0.810558808439	0.6094404095
15	0.750720974333	0.807338066859	0.606828580575
16	0.745922520663	0.804913542507	0.605429975031
17	0.741115763692	0.80145825148	0.6027304529
18	0.737163616156	0.799079957625	0.601311877812
19	0.73413714724	0.797284462731	0.599885398528
20	0.730386232454	0.794937219073	0.598353625018
MF =True	CTR =False	RAPMF = True	RAPARE = False hasLDA = False feature = 10
alpha:0.001	lambdau:0.1	lambdav:0.001	lambdauv:0.1
1	0.968854684134	1.00257399459	0.77069156384
2	0.902302944801	0.943288582233	0.727166042117
3	0.880317248248	0.928737025039	0.716128507072
4	0.871601505959	0.926506192982	0.715543710898
5	0.855769902906	0.916481108548	0.705831670208
6	0.86139653262	0.924504029501	0.711976353638
7	0.858984902511	0.925253174468	0.712981652333
8	0.845678476787	0.911830611435	0.703319525023
9	0.850517841861	0.918768847483	0.708929670429
10	0.850816831611	0.921496337936	0.712935362947
11	0.849827652907	0.919952533845	0.709833544967
12	0.840698488642	0.913947934012	0.706444534731
13	0.837263181085	0.910559920847	0.701169855472
14	0.843493134565	0.918774159611	0.709133208052
15	0.847317944393	0.919460603826	0.708746717584
16	0.850461865128	0.925537010465	0.714224231441
17	0.843558324106	0.918453566448	0.707148236836
18	0.842895020761	0.920237720058	0.710876949215
19	0.839216612986	0.915401282623	0.704251229725
20	0.838306413116	0.915472530451	0.703529053975
MF =True	CTR =False	RAPMF = True	RAPARE = False hasLDA = False feature = 10
alpha:0.001	lambdau:0.1	lambdav:0.001	lambdauv:1
1	2.65299642904	2.65398487054	2.47558589998
2	2.65296384877	2.65398214259	2.47558190094
3	2.65266925896	2.65375101212	2.47534967807
4	2.64053021571	2.64308781751	2.46488730865
5	2.32966638791	2.34323078651	2.11793466205
6	1.82240320229	1.84830500813	1.53792469954
7	1.53740181768	1.56765870462	1.24526565102
8	1.36067873486	1.39267286069	1.07692023326
9	1.24192225923	1.27512218999	0.970647810643
10	1.15780581934	1.19232171072	0.8994157909
11	1.09590959666	1.13132020574	0.849185833213
12	1.04860048749	1.08450065059	0.812013719243
13	1.01129479659	1.04761770378	0.783562084513
14	0.981268603603	1.01780420151	0.761066341908
15	0.9567931499	0.99361263269	0.743213238481
16	0.936383460413	0.973284692349	0.728482814941
17	0.919250582121	0.956268642098	0.716211835341
18	0.904709022042	0.941682932834	0.705760478848
19	0.892285934999	0.929292012377	0.696928417741
20	0.881550047407	0.918487723315	0.689224801336
MF =True	CTR =False	RAPMF = True	RAPARE = False hasLDA = False feature = 10
alpha:0.001	lambdau:0.001	lambdav:0.05	lambdauv:0.001
1	2.65264102847	2.65391148125	2.47550075487
2	2.65144200723	2.65286496003	2.47444984624
3	2.49672834599	2.50571772541	2.30846432116
4	1.84157922577	1.86427059852	1.55575128987
5	1.48181051728	1.50995352924	1.18392640803
6	1.29006726004	1.32062118227	1.00416809515
7	1.17262293604	1.20467903151	0.903492408468
8	1.09296239379	1.12620218047	0.83997909599
9	1.03551822546	1.0698930834	0.796411918954
10	0.992386783178	1.02736687121	0.764928227418
11	0.959099903411	0.994303105335	0.74120538439
12	0.932943952349	0.968429275239	0.722680809271
13	0.911765839247	0.947420190364	0.70717222213
14	0.894523631955	0.930453540448	0.695547797388
15	0.880274130339	0.916660273351	0.685816523205
16	0.868327927724	0.904652884671	0.677302933999
17	0.85784335026	0.894479269905	0.670267074565
18	0.848973725379	0.885893818178	0.664332719043
19	0.841258045212	0.878489052588	0.659364085703
20	0.83446219014	0.871915954326	0.654690344425
MF =True	CTR =False	RAPMF = True	RAPARE = False hasLDA = False feature = 10
alpha:0.001	lambdau:0.001	lambdav:0.05	lambdauv:0.01
1	2.34202505625	2.35501382278	2.11531174983
2	1.26615650701	1.29421885534	0.967972853409
3	1.03384054166	1.06626798112	0.787000963964
4	0.934851315592	0.970505690602	0.720504393301
5	0.882026065102	0.919810983947	0.685413601058
6	0.849595890578	0.890024124176	0.664421404001
7	0.824917052352	0.867320418503	0.648826948893
8	0.807334878722	0.852058533058	0.638251046966
9	0.793423762408	0.840944582715	0.630977020289
10	0.781732061386	0.831138415212	0.625159589656
11	0.771994199945	0.824491982419	0.619075628923
12	0.763579647884	0.817587291022	0.615117647101
13	0.756209343042	0.813546829128	0.611393213106
14	0.749689275348	0.809173788478	0.608596797436
15	0.744974065505	0.807074267046	0.60758985347
16	0.739675973656	0.803701041409	0.604901039097
17	0.734441480864	0.801359672151	0.603253554533
18	0.730056770683	0.798853593475	0.601455071639
19	0.726211508099	0.79714004428	0.599615463364
20	0.722700151427	0.795278905114	0.598210191464
MF =True	CTR =False	RAPMF = True	RAPARE = False hasLDA = Falsefeature = 10
alpha:0.001	lambdau:0.001	lambdav:0.05	lambdauv:0.1
1	0.97926469769	1.01236569004	0.780542660343
2	0.915540478109	0.955402511949	0.735885410886
3	0.884718714473	0.933865801512	0.720967462098
4	0.867216429177	0.922836239533	0.711855198631
5	0.861116906516	0.921559692412	0.712691537009
6	0.85751471059	0.924156351913	0.712894418313
7	0.856547814421	0.922640323165	0.711758053519
8	0.858050398979	0.923168287651	0.710821651831
9	0.855617466497	0.926744269388	0.715977671755
10	0.854025758287	0.927329993405	0.715588419851
11	0.849447058924	0.919169751593	0.708030073967
12	0.845727908652	0.919687315063	0.708667241321
13	0.847141062565	0.918880050761	0.707571462656
14	0.844985956931	0.921586686567	0.711215491645
15	0.83822706262	0.915727764736	0.706125271303
16	0.839397005488	0.916380723289	0.705682964972
17	0.84782299446	0.923529483049	0.710247217423
18	0.83765409501	0.916899162833	0.706503272743
19	0.850848163129	0.927594086111	0.714585823271
20	0.851493387338	0.927448512346	0.714436494842
MF =True	CTR =False	RAPMF = True	RAPARE = False hasLDA = False feature = 10
alpha:0.001	lambdau:0.001	lambdav:0.05	lambdauv:1
1	2.65355969169	2.65397254951	2.47556958784
2	2.65355011052	2.65398290307	2.47558033075
3	2.65330332952	2.6537745263	2.47538091669
4	2.642487298	2.64382398596	2.4657324962
5	2.34063380415	2.35440821684	2.13448032426
6	1.8211420558	1.84592894538	1.54039427868
7	1.52742554944	1.55610245974	1.23670718493
8	1.34843326317	1.37930109631	1.06595774074
9	1.23005686029	1.26244573217	0.960152655624
10	1.14722248931	1.1806635151	0.89030971333
11	1.08632878786	1.12050592172	0.841409126158
12	1.03980856228	1.07450531547	0.805184812146
13	1.0034751725	1.03840610439	0.777548497123
14	0.974378294884	1.00973162677	0.756250012454
15	0.950558357037	0.986117982286	0.738618883725
16	0.930970600634	0.966607587518	0.72444269187
17	0.914537292744	0.950267308138	0.712505851903
18	0.900528960742	0.936375563911	0.702598236936
19	0.888576085844	0.924434981962	0.694107971032
20	0.87826655186	0.914274739251	0.687071878796
MF =True	CTR =False	RAPMF = True	RAPARE = False hasLDA = False feature = 10
alpha:0.001	lambdau:0.001	lambdav:0.1	lambdauv:0.001
1	2.65325318679	2.65397944584	2.47557176786
2	2.65314462677	2.65390560419	2.47549744681
3	2.64148547486	2.64374553848	2.46528227522
4	2.18042827993	2.19839672298	1.93617489751
5	1.64867424584	1.67545698288	1.35206386936
6	1.38052218821	1.41006479334	1.08781962573
7	1.22567202431	1.25697040119	0.949440790185
8	1.12697772818	1.15969266041	0.867899807503
9	1.05906387969	1.09300194965	0.815035972856
10	1.00976608362	1.04471404008	0.778132698922
11	0.972366840467	1.00781839986	0.750570823596
12	0.943032834409	0.97888004935	0.729387850021
13	0.919897198482	0.956086277139	0.713377127769
14	0.901307455033	0.937919669746	0.700445257555
15	0.88587450947	0.922857330509	0.689943095431
16	0.873106951937	0.910394786413	0.681434428772
17	0.862120945931	0.899507133744	0.673825722176
18	0.852976835922	0.890645049914	0.667470079039
19	0.844942153634	0.883064709853	0.662660372568
20	0.837871890076	0.876140811213	0.657867920758
MF =True	CTR =False	RAPMF = True	RAPARE = False hasLDA = False feature = 10
alpha:0.001	lambdau:0.001	lambdav:0.1	lambdauv:0.01