0	1.13305170465	1.15478300788	205533	0.886834435476
1	0.937489004966	0.957570229211	205533	0.748652149577
2	0.893639156618	0.912763151379	205533	0.71837893619
3	0.879688849027	0.897208400311	205533	0.70913672482
4	0.872238109047	0.889679448039	205533	0.704741763403
5	0.867809602657	0.883803382947	205533	0.701456841238
6	0.863734132055	0.879503715429	205533	0.696499212731
7	0.861093357889	0.876290725274	205533	0.694888430791
8	0.862209436216	0.877163031597	205533	0.695754418809
9	0.859213027348	0.874857902241	205533	0.694139792111
10	0.858333099282	0.87299869023	205533	0.692190711322
11	0.859487066853	0.873886461729	205533	0.693906642819
12	0.857182707257	0.871607737352	205533	0.690864855648
13	0.864105185515	0.87864976572	205533	0.699327918789
14	0.861394050617	0.875126521928	205533	0.695965037884
15	0.860103494083	0.873858934053	205533	0.69412289632
16	0.856910387184	0.870431880357	205533	0.691088025369
17	0.860625206372	0.874122197285	205533	0.695215629802
18	0.857634202535	0.871290458745	205533	0.691940540335
19	0.858259425021	0.87168140707	205533	0.691978253313
20	0.857904613039	0.871957115047	205533	0.692882594647
21	0.855439030165	0.868704085024	205533	0.689335162755
22	0.861063266371	0.874598803762	205533	0.695147665959
23	0.859285313301	0.872655855808	205533	0.693748688223
24	0.857004794036	0.870207425116	205533	0.689811743098
25	0.856471885686	0.869496512571	205533	0.690349848414
26	0.857169545461	0.870582168448	205533	0.690875152335
27	0.858738421461	0.872092134411	205533	0.693444538046
28	0.857188546266	0.870019096563	205533	0.691160487085
29	0.85548530998	0.868952156058	205533	0.689369657758
30	0.860901319148	0.873824910829	205533	0.695306031222
31	0.85849571607	0.872604340271	205533	0.692994673691
32	0.855849806394	0.869161731632	205533	0.689578931375
33	0.857703062038	0.870663924958	205533	0.691485751205
34	0.8548720181	0.868576241308	205533	0.689161038132
35	0.858419617512	0.871522259144	205533	0.692676309648
36	0.858311934493	0.870385077217	205533	0.691505610089
37	0.858610570043	0.870431771029	205533	0.691745282413
38	0.856417606363	0.870153782653	205533	0.690608397198
39	0.85616941364	0.86871201566	205533	0.689946016085
40	0.858483496974	0.871056894098	205533	0.692784644125
41	0.856433414551	0.868414854681	205533	0.690127154157
42	0.855804934988	0.868538773736	205533	0.689458241062
43	0.858359162992	0.870038619602	205533	0.691271736453
44	0.856591114868	0.8696609371	205533	0.690500284912
45	0.85794688745	0.870492311341	205533	0.692123594634
46	0.857291331272	0.87054758559	205533	0.691711113751
47	0.858046868153	0.870783239763	205533	0.69174364113
48	0.858041213955	0.870151659331	205533	0.691232801834
49	0.855185152859	0.867815334683	205533	0.689187547874
50	0.8586947038	0.871964099183	205533	0.693343495016
51	0.85670887476	0.869264374915	205533	0.69036255076
52	0.858241695688	0.870753474361	205533	0.692254062379
53	0.858643517974	0.871552538048	205533	0.693057661034
54	0.858706974515	0.87219075449	205533	0.692844252106
55	0.85756471197	0.870048876407	205533	0.691662536
56	0.858854756664	0.872243071356	205533	0.693384016825
57	0.855820294777	0.868063519648	205533	0.688980831809
58	0.856922981053	0.869057409585	205533	0.690133127474
59	0.856196662232	0.869366867982	205533	0.69061876167
60	0.854141073966	0.867194877988	205533	0.688002803119
61	0.860862213129	0.873395949656	205533	0.69472223145
62	0.855826595959	0.869033569814	205533	0.689649923715
63	0.855400804539	0.867918578446	205533	0.689330968535
64	0.859791673518	0.871983208578	205533	0.693514252436
65	0.858110915221	0.871018585388	205533	0.692344504433
66	0.854936145326	0.866912471645	205533	0.687855927437
67	0.857569714819	0.870055736694	205533	0.691450974208
68	0.857029148955	0.870792126825	205533	0.691673076666
69	0.858133893027	0.871215612851	205533	0.692757960656
70	0.855204075668	0.868125101487	205533	0.689251233259
71	0.856544784894	0.869699411059	205533	0.69057360154
72	0.85633575729	0.868795300474	205533	0.689861617302
73	0.856505156372	0.869334850109	205533	0.690505759406
74	0.859005379197	0.87154251428	205533	0.693666767261
75	0.858626631262	0.871550200397	205533	0.692907467279
76	0.85572694152	0.868155538308	205533	0.690188566662
77	0.855147896387	0.867702066225	205533	0.68850486793
78	0.85829237278	0.87117267615	205533	0.691824082742
79	0.859099397346	0.871632789758	205533	0.692007862807
80	0.858374415542	0.871068464539	205533	0.693138575877
81	0.856569702891	0.869014139535	205533	0.690548243832
82	0.856335295224	0.868604087382	205533	0.689807940216
83	0.857098899213	0.870801109189	205533	0.691700607697
84	0.853646333778	0.86649776453	205533	0.687602604209
85	0.854115691092	0.866538286674	205533	0.688065581832
86	0.856691960479	0.870061142675	205533	0.691010503681
87	0.858809654988	0.871975703504	205533	0.69292803895
88	0.856037298632	0.86898140674	205533	0.690548558656
89	0.860110747694	0.871912795789	205533	0.693772018005
90	0.858629699871	0.871670889582	205533	0.693427497353
91	0.857455676964	0.870450986178	205533	0.69157188454
92	0.858165500712	0.870294392099	205533	0.691915820247
93	0.855069223964	0.868503324976	205533	0.689040438952
94	0.857133732793	0.870096286696	205533	0.691255959212
95	0.858338055337	0.871239899155	205533	0.691573461781
96	0.859410814799	0.871756760078	205533	0.693547693797
97	0.856687529814	0.869804627207	205533	0.691482342708
98	0.857288929998	0.869371383126	205533	0.691576166816
99	0.858155253507	0.870910261483	205533	0.692758591606
100	0.858009750117	0.870859041248	205533	0.692457618116
101	0.857053231507	0.869430067002	205533	0.691105475301
102	0.857646664133	0.870759325152	205533	0.692086431997
103	0.856435648547	0.869237164751	205533	0.690630858532
104	0.855124890088	0.868211888049	205533	0.689404898745
105	0.859372929505	0.87187368788	205533	0.692741286099
106	0.858630285427	0.870807490541	205533	0.691532206991
107	0.85824830727	0.870483243252	205533	0.691816239108
108	0.858873093827	0.872051088565	205533	0.693408342851
109	0.856281863076	0.868474477444	205533	0.690225614886
110	0.855816208791	0.86852384748	205533	0.688506846261
